2.527250438906586396e+02 1.966308855188630673e+02 8.360455509568560650e-01
2.529908286397470647e+02 2.004253123982173577e+02 7.077120455032928081e-01
2.530710154828766747e+02 2.008237998585966011e+02 6.258927081926581870e-01
2.531999666351554197e+02 2.010746657557534434e+02 6.156747245414320169e-01
2.530238240878289844e+02 2.013158816660179014e+02 3.849846283394634527e-01
2.528044244167110151e+02 2.001115398670172567e+02 1.822852535330987123e-01
2.524601965348225576e+02 2.015486610370111578e+02 9.777289662458989172e-02
2.523793662268332696e+02 2.021288458941381236e+02 3.378786314058515594e-02
2.521570987678839515e+02 2.027597393570117674e+02 1.149101135199116601e-02
2.520195243920845769e+02 2.031588941142825320e+02 1.207489613206123164e-02
2.519938890698358023e+02 2.032143155043255263e+02 1.738546722698421435e-02
2.519845349973387556e+02 2.027266724128343469e+02 2.099403404802948833e-02
2.519994320032411679e+02 2.031460347471024193e+02 1.204113408695513948e-02
2.519608499296955131e+02 2.032851343729395239e+02 6.700772952232664052e-03
2.519813454770775536e+02 2.031936312866913852e+02 9.711552974634773960e-03
2.520114810813387294e+02 2.031159090728545209e+02 1.517703227651512159e-02
2.519528165489629146e+02 2.035340380994749125e+02 2.250935407249704187e-02
2.520124502506335489e+02 2.033745422263884279e+02 9.463302642972331452e-03
2.519476350680404551e+02 2.038749155948872271e+02 1.041856991920941250e-02
2.518657045145812390e+02 2.041601691279859665e+02 9.836671141792645290e-03
2.519970388700439230e+02 2.031969836591701721e+02 9.618210849929696368e-03
2.520425977709106178e+02 2.018474809542345554e+02 1.581851113353087424e-02
2.520838251999904571e+02 2.008332194691812163e+02 8.090974809542345395e-03
2.520898110119875071e+02 2.011470118604078436e+02 1.543719862409736153e-02
2.520587380144739882e+02 2.020707255264892979e+02 1.389606056513691471e-02
2.520749755721673750e+02 2.024798023530159412e+02 5.109984826939729073e-03
2.520408103685226422e+02 2.028040927542679128e+02 1.107196479214496258e-02
2.520889570308465863e+02 2.029182680468061051e+02 5.459521293920448909e-03
2.520255419801240748e+02 2.030797558805538472e+02 1.512341020487603313e-02
2.519890630833882881e+02 2.027105699033213853e+02 2.363938958222448067e-02
2.520297701797729530e+02 2.021467814841000745e+02 3.741628998816342450e-03
2.520279370993239638e+02 2.021193130814022823e+02 8.120764849341838981e-03
2.520716986677894340e+02 2.020303342045264969e+02 1.474011169278922201e-02
2.520571492123513337e+02 2.023092722491877282e+02 1.261508885375870782e-02
2.520443037471898151e+02 2.026382893367545535e+02 2.073585370310054854e-02
2.520079956466821898e+02 2.031250804331074562e+02 1.877566908429389655e-02
2.520021945329318953e+02 2.033976751852940481e+02 1.169954163058761765e-02
2.519937242316155732e+02 2.032124049697730470e+02 1.291100324910034007e-02
2.520198163344746263e+02 2.033331320850644772e+02 1.613428555540550105e-02
2.519346029186295084e+02 2.034393732970027315e+02 9.785035072806856984e-03
2.520101206695212284e+02 2.028061820290591868e+02 1.365178223878107076e-02
2.519994796673048256e+02 2.028004504254017775e+02 6.367124506478341085e-03
2.520489807834383384e+02 2.028826411452085665e+02 1.689492457161922631e-02
2.519375024825033051e+02 2.038521003964061435e+02 1.892859128859796305e-02
2.520001906562547163e+02 2.036783986463405824e+02 7.522978050698675770e-03
2.520140867168198611e+02 2.035875251229335561e+02 4.682994256480326779e-03
2.519982324576385508e+02 2.029190108117984437e+02 1.265878091213129900e-02
2.520604062567027484e+02 2.020960947243825387e+02 6.964911305121503429e-03
2.520566864737331230e+02 2.016200121543362513e+02 8.982690000873840702e-03
2.520357043557010286e+02 2.024317530048220135e+02 1.842414661465987744e-02
2.519730876780451467e+02 2.028777396906602348e+02 1.194381995694346332e-02
2.519821041300911304e+02 2.032447291489581289e+02 1.495658598199887251e-02
2.520605373328778853e+02 2.025426553649875814e+02 5.552863418625527368e-03
2.519849858199410448e+02 2.026212573779998536e+02 1.666454826383648169e-02
2.519875974134301373e+02 2.026072143532383620e+02 1.602902741478062776e-02
2.519924809939546151e+02 2.022288629737609256e+02 1.116927892215664048e-02
2.520178799818876598e+02 2.022868006291656400e+02 9.068088114965721161e-03
2.520339944074165146e+02 2.026028252873745714e+02 7.707676297455533405e-03
2.519871108427800834e+02 2.028758986662006123e+02 8.075086788315949393e-03
2.520712796212295643e+02 2.025696987631175432e+02 1.052780006514088783e-02
2.520003892565200374e+02 2.025514176086939244e+02 1.751852940475528628e-02
2.520482042564008793e+02 2.026556827479921594e+02 1.116927892215664048e-02
2.520824965642154041e+02 2.022618167157871198e+02 2.834025786258450447e-02
2.519941214321462439e+02 2.028046091149577705e+02 7.117833509425568195e-03
2.520192900437714911e+02 2.031132001652354120e+02 9.594378818090101499e-03
2.519732763482971905e+02 2.036260476163996032e+02 3.773405041269135320e-03
2.520330887902066195e+02 2.036315230257147562e+02 1.074228835169723818e-02
2.519104729863919090e+02 2.045098466011550613e+02 1.328834375322725421e-02
2.518779780109786088e+02 2.044275049451466089e+02 9.701622961368276676e-03
2.520167757644124151e+02 2.042833807325966688e+02 8.935025937194652698e-03
2.519771331654499136e+02 2.033166164869996351e+02 9.356058499694156275e-03
2.520490562515391559e+02 2.029210345485021492e+02 1.079193841802972634e-02
2.519791946362040278e+02 2.026673763316147756e+02 8.106862830768741396e-03
2.519743924817883567e+02 2.036324385729379287e+02 1.052978606779418624e-02
2.519568461483464432e+02 2.036101595951732293e+02 1.874389304184110455e-02
2.519783764031108717e+02 2.039582581962329471e+02 1.068270827209825101e-02
2.519690660226721945e+02 2.046509640056879107e+02 6.815961106124038098e-03
2.519970448280518838e+02 2.050941921338406928e+02 1.158435347669624534e-02
2.518816541018898931e+02 2.050939855895647383e+02 1.619187963235118807e-02
2.519748790524384106e+02 2.041451231718845634e+02 1.237478253270946418e-02
2.519896807302134505e+02 2.047390690413962488e+02 1.311357551973689473e-02
2.520943827900954091e+02 2.019979425012511740e+02 5.155662887965618661e-03
2.520017099482844856e+02 2.023940725764809656e+02 2.129193444602442073e-02
2.519420683026032464e+02 2.030908794814149871e+02 1.217221026207290953e-02
2.519871465908278481e+02 2.033804108642289066e+02 1.459711950175165453e-02
2.519801340154590434e+02 2.030358513198973753e+02 1.001143937528300477e-02
2.520177548637205120e+02 2.031335705944503047e+02 9.141570213137804185e-03
2.519541491567432843e+02 2.028089485307552309e+02 8.438525273869765947e-03
2.520003912425227099e+02 2.032112610322447495e+02 9.481176666852027604e-03
2.518861821879393972e+02 2.032363462317585743e+02 8.670887584305812454e-03
2.519821180321096961e+02 2.029908087797205383e+02 2.028900310610814994e-02
2.519818241037170026e+02 2.027256674954917628e+02 1.741525726678370967e-02
2.520652401871608959e+02 2.027010629086200595e+02 8.059198767089553392e-03
2.520582494578212618e+02 2.024404417664302116e+02 1.707167880776288768e-02
2.520796684964371082e+02 2.012720327134356921e+02 1.873396302857460727e-02
2.520847308172003807e+02 1.997797582637570315e+02 2.042603728918581871e-02
2.521037189885685734e+02 1.993266060803457265e+02 2.587960057514636716e-02
2.520385443394952460e+02 1.999218547675979778e+02 3.082276117920893649e-02
2.521356658272495395e+02 1.999542722889077879e+02 1.361802019367497861e-02
2.522037400401966920e+02 2.005383497112352131e+02 7.391901875580905723e-03
2.521724724144231402e+02 2.009418975063750565e+02 8.305463096098695749e-03
2.521211481478539156e+02 2.011050138622985060e+02 1.137979520340639226e-02
2.520979615668766485e+02 2.008115442362231136e+02 1.773500369396493678e-02
2.521985009651972973e+02 1.998851693265862082e+02 7.854640493799700321e-03
2.520764054940777328e+02 1.998210691049483216e+02 2.695601401323472271e-02
2.520999336675113796e+02 2.002116820648072348e+02 5.900413882952947921e-03
2.520890424289606813e+02 2.001618492862306482e+02 7.691788276229137404e-03
2.520908000413088530e+02 2.004438835090283817e+02 2.714865627060477835e-02
2.521280852551219027e+02 2.003587356312708039e+02 5.032530723461046615e-03
2.520927542679197018e+02 1.999828250490542700e+02 1.485331384402729590e-02
2.520789892835296939e+02 2.003110934136207959e+02 2.537714190386158516e-02
2.521593727409219809e+02 2.001467219040204668e+02 2.057498748818328491e-02
2.520937274092198095e+02 2.002460617567384986e+02 2.476942509195192293e-02
2.521027081132180285e+02 2.002240489033293329e+02 1.820171431749032648e-02
2.520851478777575778e+02 2.001808156115696704e+02 1.221987432575209927e-02
2.521956014013234721e+02 2.001188662308052812e+02 9.719496985247972828e-03
2.521343272614612090e+02 1.997195506073196043e+02 1.927216974761878157e-02
2.521102092452395596e+02 1.999789622738935861e+02 1.116530691685004018e-02
2.520949885209046499e+02 2.006481895599812617e+02 1.973093636053097760e-02
2.520899003821069186e+02 2.002160949627028685e+02 2.293038663499654545e-02
2.521871529460363490e+02 1.995396346549518967e+02 2.129590645133101756e-02
2.521772487508043241e+02 1.972522680150300687e+02 1.682342847610044517e-02
2.520723619926756101e+02 1.970115982554952723e+02 1.895242332043755445e-02
2.520744711274934389e+02 1.972523772451760067e+02 1.291696125706023879e-02
2.520982614532773027e+02 1.971985108952105463e+02 7.874500520332694889e-03
2.520990280503014844e+02 2.000333151945091004e+02 2.103971210905537792e-02
2.519924968819758249e+02 2.021540025897474493e+02 1.327046972934755806e-02
2.520821708597802626e+02 2.023069744441178557e+02 8.132680865261636416e-03
2.520922498232457656e+02 2.021832286047934133e+02 1.142745926708558027e-02
2.519852996083602648e+02 2.020887425425600270e+02 1.857706881896394047e-02
2.520912329898872883e+02 2.022677786957523267e+02 2.378833978122194687e-02
2.520198540685250350e+02 2.016393002121050699e+02 1.296661132339272868e-02
2.520921425791024717e+02 2.020653593473200829e+02 3.226857111081100210e-02
2.520875588849786766e+02 2.020762863339185458e+02 2.141308060787569176e-02
2.520417477617750137e+02 2.023485613396779570e+02 1.048609400942159681e-02
2.519754113011495065e+02 2.023092504031585293e+02 1.497446000587856867e-02
2.519479667304835573e+02 2.032327277349242536e+02 2.093048196312390433e-02
2.520260086907476023e+02 2.028696268698215022e+02 1.564771490534711332e-02
2.519530290512468014e+02 2.035166566042532281e+02 9.524868725224617041e-03
2.520186406209038807e+02 2.039040363517925698e+02 4.947132609369166156e-03
2.519423244969455311e+02 2.035180785821529810e+02 9.379890531533749409e-03
2.519946894289050761e+02 2.035337421850795465e+02 1.083563047640231577e-02
2.519345214925207017e+02 2.041785058904838763e+02 1.019812362469316343e-02
2.519725852193738547e+02 2.040341552736314554e+02 2.499582939442807072e-02
2.519527430668647412e+02 2.044150129884573630e+02 8.347169151817986771e-03
2.519551282560513528e+02 2.042653736465391887e+02 9.028368061899730290e-03
2.519896370381550810e+02 2.039025984858715788e+02 8.805935764730181067e-03
2.520499201626933257e+02 2.024768134190227329e+02 9.240870345802782229e-03
2.520721216863545635e+02 2.011219544649311786e+02 7.614334172750454946e-03
2.521310007070169377e+02 2.008199251674200241e+02 4.561848094629054017e-03
2.520510442401950968e+02 2.019616304287382604e+02 1.262899087233180541e-02
2.520818213233132781e+02 2.019467334228358482e+02 6.464438636490018111e-03
2.520995404389860255e+02 2.026264150268904700e+02 1.639842390829434129e-02
2.520583606739698723e+02 2.033826729212510145e+02 1.412643687291966280e-02
2.519776674001636536e+02 2.034617158268523553e+02 1.094088861702719254e-02
2.518904798976811321e+02 2.037299354151937223e+02 8.686775605532208455e-03
2.519024257036407448e+02 2.036693246002176636e+02 2.329978312851025898e-02
2.520223286278310582e+02 2.033670609543934233e+02 1.362993620959477604e-02
2.518957289026938042e+02 2.037578208784486833e+02 1.765159158252635474e-02
2.519637216895321785e+02 2.035346378722761926e+02 9.661902908302285806e-03
2.519106457686227429e+02 2.042377801256742487e+02 2.869575233752512389e-02
2.519701742121527559e+02 2.041444181409426335e+02 1.063703021107236142e-02
2.520156298408814735e+02 2.043029369007236937e+02 1.018422160612006584e-02
2.519526179486975934e+02 2.042901788196789141e+02 1.147512333076477001e-02
2.519565621499670272e+02 2.044314153843709505e+02 1.040466790063631491e-02
2.519801717495094522e+02 2.041879533051056228e+02 1.857111081100404348e-02
2.519247642614850520e+02 2.048864085922418781e+02 1.550075070900294727e-02
2.519377189567925370e+02 2.053539950429373846e+02 1.541733859756436696e-02
2.518807226666454824e+02 2.048432587125936379e+02 1.335785384609273867e-02
2.518904501076413567e+02 2.054448586363311335e+02 1.068866628005814973e-02
2.519362433568211372e+02 2.051237617273456806e+02 9.163416242324098904e-03
2.519592472255542930e+02 2.056395087423836685e+02 8.815865777996680086e-03
2.520107780363994436e+02 2.060106310722031253e+02 1.134007515034040139e-02
2.519192749501513333e+02 2.037602557177016251e+02 8.654999563079416453e-03
2.519631874548184385e+02 2.037168992937774590e+02 1.054567408902058225e-02
2.520610854696101910e+02 2.033360515089648288e+02 1.227945440535108471e-02
2.520877932332917624e+02 2.015076461102152052e+02 1.907158347963552880e-02
2.521315329557280336e+02 1.992124923538897860e+02 2.068223163146145835e-02
2.521561812346581348e+02 2.003597028145629508e+02 9.064116109659122594e-03
2.521126778465375935e+02 2.013100984262914892e+02 1.654737410729180749e-02
2.520339626313740666e+02 2.016554344976604796e+02 2.032475115386754225e-02
2.520906391750939406e+02 2.019589473391536387e+02 1.238471254597596147e-02
2.520051834669251036e+02 2.019435736926144500e+02 1.522271033754101117e-02
2.519676063107220330e+02 2.025004150745545530e+02 8.309435101405296051e-03
2.520094791906641944e+02 2.028324111661013092e+02 7.765270374401220428e-03
2.520060632661005116e+02 2.023470440336508318e+02 7.326363788022020700e-03
2.520653295572802790e+02 2.020409692487349105e+02 7.818892446040308017e-03
2.519930668647373295e+02 2.024465268785599221e+02 8.376959191617480358e-03
2.519683629777329372e+02 2.026247368546484324e+02 1.411253485434656521e-02
2.521104058595022366e+02 2.023406073990514926e+02 1.244627862822824706e-02
2.521600598978400285e+02 2.026678926923046333e+02 3.926327245573200085e-03
2.520831003090220008e+02 2.029896708002002015e+02 9.510966706651519456e-03
2.519682219715445513e+02 2.033684213662109528e+02 5.062320763260539334e-03
2.519522843002518186e+02 2.036566757493187936e+02 1.052581406248758768e-02
2.519567528062217434e+02 2.034367299274711911e+02 1.131028511054090781e-02
2.519232211374234396e+02 2.038648406034270408e+02 9.850573160365742875e-03
2.518877431860248919e+02 2.045262986471349791e+02 1.387222853329731984e-02
2.519452756968883307e+02 2.046935975246462931e+02 1.376697039267244481e-02
2.519279140616931727e+02 2.041114763149323608e+02 1.234300649025667045e-02
2.520111831809407192e+02 2.053190473542472603e+02 1.201134404715564763e-02
2.519717173362143683e+02 2.051145764650741512e+02 1.220795830983230183e-02
2.519838319523994983e+02 2.052793709932396382e+02 9.191220279470294074e-03
2.518733506247964442e+02 2.053086109103041679e+02 1.680555445222074729e-02
2.518425914157021452e+02 2.053908314201507892e+02 1.569339296637300291e-02
2.519457225474853317e+02 2.037327197909136487e+02 1.963958023847919843e-02
2.518356404064155925e+02 2.035711326570332176e+02 1.792168794337509197e-02
2.520851041856991799e+02 2.014540041785495816e+02 1.799715604420047341e-02
2.520209284959604759e+02 2.004355462698898123e+02 2.005664079567210170e-02
2.520844785948634126e+02 2.008546643258315498e+02 1.674200236731516328e-02
2.520342029376951132e+02 2.013557844313280043e+02 1.777670974968422607e-02
2.520935764730181745e+02 2.018917072473208805e+02 3.543227333751718111e-02
2.521154741382734414e+02 2.021752587761457107e+02 1.768733963028574704e-02
2.520217367990403545e+02 2.028204196820806828e+02 1.738745322963751450e-02
2.520460037654610232e+02 2.029826145327730273e+02 1.745100531454309850e-02
2.520580309975294142e+02 2.026051469244762870e+02 1.054368808636728383e-02
2.520903253866747207e+02 2.024125642471858271e+02 1.573311301943899551e-02
2.520599177000500504e+02 2.024671117960613458e+02 8.263757040379406463e-03
2.520025003773405103e+02 2.022536502728767687e+02 2.328588110993716140e-02
2.520232421890515582e+02 2.024803624057641684e+02 1.785614985581620781e-02
2.519800585473582260e+02 2.027207263208903782e+02 2.729164846164234409e-02
2.520592424591479244e+02 2.032875731841977824e+02 3.987893327825485675e-03
2.519905406693623320e+02 2.031395107283863410e+02 1.180082776590589584e-02
2.520624577974436136e+02 2.031643000135048283e+02 1.064497422168556029e-02
2.519751273027700904e+02 2.043011653863569563e+02 8.760257703704291479e-03
2.519803425457376420e+02 2.040873285086708790e+02 3.241156330184857132e-03
2.519607963076238661e+02 2.037416369428269434e+02 5.173536911845313946e-03
2.520100769774628304e+02 2.043130774302714485e+02 7.123791517385466912e-03
2.519933588071273789e+02 2.041898856856872726e+02 1.066880625352515516e-02
2.519697650956061636e+02 2.046809645617686613e+02 1.693265862203191877e-02
2.518688463707787548e+02 2.048630333410125388e+02 1.390599057840341199e-02
2.520002025722706378e+02 2.055649661187947288e+02 6.647150880593576464e-03
2.519317589628299743e+02 2.039806503761489012e+02 1.604094343070042172e-02
2.519904691732668027e+02 2.031821621213686058e+02 1.755427745251467511e-02
2.520876840031458244e+02 2.016272054559464948e+02 1.864260690652282809e-02
2.520695359108999867e+02 2.003130635282528829e+02 2.224124371430160133e-02
2.520800855569943053e+02 2.009206095439343471e+02 9.894265218738332313e-03
2.520807131338327451e+02 2.016672432694369945e+02 2.736910256512102568e-02
2.520318594545642270e+02 2.025030068080170906e+02 1.238471254597596147e-02
2.520520829195827730e+02 2.027744119446143714e+02 1.049999602799469266e-02
2.519591995614906068e+02 2.033084103240362026e+02 1.076413438088353290e-02
2.519775144779593461e+02 2.029214238050222150e+02 2.226706174879449635e-02
2.520381987750335497e+02 2.028622230519299876e+02 7.787116403587515147e-03
2.520076778862576532e+02 2.027546134841636274e+02 8.502077358775351687e-03
2.520115942834899556e+02 2.027258740397677172e+02 1.188423987734447615e-02
2.520220585314702078e+02 2.024969316259006575e+02 1.514724223671562800e-02
2.520672897418990885e+02 2.022212367235722752e+02 5.874595848460053768e-03
2.520683939593743332e+02 2.025815492409497836e+02 1.293483528093993494e-02
2.519505088138797646e+02 2.031884557637768864e+02 9.608280836663197350e-03
2.519582860002701068e+02 2.033754736616328103e+02 1.606278945988671991e-02
2.519754688952264416e+02 2.032876168762561520e+02 1.073434434108403931e-02
2.518933913775708788e+02 2.037659217832714944e+02 1.095677663825358854e-02
2.519445031418561882e+02 2.038466369031069121e+02 1.439454723111510161e-02
2.519353079495714098e+02 2.034554360864626119e+02 1.374115235817954979e-02
2.518870600011121610e+02 2.042716216108864842e+02 2.016984294691017560e-02
2.519468823730348390e+02 2.037434640652680002e+02 2.225713173552799906e-02
2.520169783366830529e+02 2.038732950167221532e+02 1.767145160905934931e-02
2.519824179185103503e+02 2.039664385411618923e+02 6.958953297161604712e-03
2.519281305359824046e+02 2.043560624716994596e+02 5.834875795394062897e-03
2.519442350314980104e+02 2.041344781976628724e+02 7.824850454000206734e-03
2.518827007252881742e+02 2.043816600598978539e+02 1.422772300823793926e-02
2.520994173068215218e+02 2.028872923634226026e+02 7.618306178057053513e-03
2.521114643989164392e+02 2.003594088861702858e+02 1.246216664945464306e-02
2.520765325982475531e+02 2.002366719361937157e+02 1.253167674232012752e-02
2.521237875453801678e+02 2.014158808716168494e+02 1.872403301530810998e-02
2.521045034596166090e+02 2.020068199331114442e+02 1.040466790063631491e-02
2.521036891985287696e+02 2.021165584957221597e+02 1.124077501767542335e-02
2.519632232028662031e+02 2.027295461586736565e+02 1.963958023847919843e-02
2.519329426204113531e+02 2.030398014791747698e+02 1.881538913735988916e-02
2.520925814856888678e+02 2.026828492782866249e+02 6.347264479945344783e-03
2.520479579920718720e+02 2.026155992564406176e+02 7.810948435427110016e-03
2.520537491758088890e+02 2.022968756206258263e+02 8.120764849341838981e-03
2.520590994669568943e+02 2.020649939228318885e+02 6.802059087550941380e-03
2.520214051365972523e+02 2.022276515121424154e+02 1.453158141419276864e-02
2.520340341274695959e+02 2.024387099721165271e+02 2.095034198965689889e-02
2.519797963950079804e+02 2.023419499368451113e+02 1.338367188058563195e-02
2.520381352229486538e+02 2.023400036542448959e+02 5.958007959898634076e-03
2.521020646483583789e+02 2.021756102986153678e+02 9.346128486427657256e-03
2.520642730038687205e+02 2.023675197210063459e+02 1.454349743011256607e-02
2.519993902971854425e+02 2.028427463239090969e+02 1.093294460641399367e-02
2.520670196455382381e+02 2.021423308521540321e+02 1.850954472875175616e-02
2.519602005068278743e+02 2.025164560179852344e+02 1.564771490534711332e-02
2.520011479095336142e+02 2.025287692344356856e+02 1.192594593306376717e-02
2.520488139592154369e+02 2.022598267411285349e+02 1.992159261524773309e-02
2.520258954885963760e+02 2.021642245454039823e+02 2.046575734225180784e-02
2.520000397200530529e+02 2.024082466774175657e+02 1.335785384609273867e-02
2.520141006188384267e+02 2.024285237645077586e+02 1.864657891182942492e-02
2.520409632907269497e+02 2.028270032808763972e+02 7.163511570451457783e-03
2.520450584281980468e+02 2.024426164393355521e+02 1.181671578713229184e-02
2.520287652624303973e+02 2.027346501854926544e+02 4.615470166268142473e-03
2.520473006251936283e+02 2.024961570848658710e+02 1.070256829863124731e-02
2.520175503054472017e+02 2.025881487277667077e+02 7.167483575758057217e-03
2.519283768003114119e+02 2.033976453952542442e+02 9.957817303643918053e-03
2.520747372518489726e+02 2.015096678609162666e+02 1.063305820576576285e-02
2.520772793352451799e+02 1.982789340726559146e+02 4.042309800525893670e-02
2.521211004837902578e+02 1.984390873126206429e+02 1.783827583193650992e-02
2.521486602426100774e+02 1.996721625980092369e+02 1.066682025087185501e-02
2.520628887600193764e+02 2.002027549828806627e+02 8.712593640025103475e-03
2.521185782604205485e+02 2.003000115188153814e+02 1.468648962115013355e-02
2.521034846402554876e+02 2.012020102318856800e+02 1.156449345016324903e-02
2.521247408266537491e+02 2.010566209356455829e+02 8.794019748810383633e-03
2.520444765294206491e+02 2.007968954806523527e+02 1.260714484314551069e-02
2.521223457074538601e+02 2.006239067055393548e+02 9.413652576639841563e-03
2.520595900096122648e+02 2.005256095042142874e+02 1.501815206425115810e-02
2.520604300887345914e+02 2.005282727337723827e+02 1.774294770457813392e-02
2.521757949968621233e+02 2.004061137105679222e+02 1.570729498494610049e-02
2.520855967143572229e+02 2.011827559361619251e+02 1.127056505747491694e-02
2.521768019002073515e+02 2.008461781364939895e+02 1.393578061820290558e-02
2.520620149188519292e+02 2.006947275601560250e+02 1.602306940682072731e-02
2.520844507908262528e+02 2.011841481240219025e+02 2.877916444896370246e-02
2.520838152699772081e+02 2.007489275585672317e+02 1.762577354803345972e-02
2.521357730713928333e+02 2.004688177723405431e+02 9.230940332536284945e-03
2.520763558440114025e+02 2.009640513659726366e+02 2.648533138440272924e-02
2.520162633757278741e+02 2.010039064672190534e+02 1.923840770251268942e-02
2.521770005004726727e+02 2.004570070145613840e+02 1.287724120399424792e-02
2.520681000309816397e+02 2.005424607367275485e+02 1.910931753004822126e-02
2.521082530326260382e+02 2.009508265743043012e+02 8.108848833422041547e-03
2.520712577752003938e+02 2.013614346088766354e+02 1.926422573700558444e-02
2.519836909462111123e+02 2.012533702465026408e+02 1.693464462468521892e-02
2.521102747833270996e+02 2.017264440225292219e+02 5.352277150642272864e-03
2.520648668186620682e+02 2.017681341902272720e+02 1.536570252857857866e-02
2.520309200753092114e+02 2.019538313963187477e+02 1.752448741271518326e-02
2.520751066483424836e+02 2.014560894813355389e+02 1.476791572993541544e-02
2.520939816175594501e+02 2.018696070097949757e+02 9.143556215791104336e-03
2.520702310118286391e+02 2.015572941905450364e+02 1.599526536967453560e-02
2.520661338883548694e+02 2.015275418847959656e+02 1.591781126619585054e-02
2.521186457845107611e+02 2.013310646563023738e+02 1.222980433901859655e-02
2.521717316354334741e+02 1.991006009644029007e+02 1.171940165712061395e-02
2.521261608185508578e+02 1.982189111144652429e+02 1.756420746578117587e-02
2.521287227619736200e+02 1.988080190815134927e+02 1.324862370016126334e-02
2.521420647277984699e+02 1.999532554555492823e+02 2.401474408369809466e-02
2.521765536498756717e+02 2.005177747237470385e+02 6.911289233482415841e-03
2.521180718297439682e+02 2.004784836472541656e+02 5.010684694274751896e-03
2.521092718519871880e+02 2.015118941698906099e+02 9.608280836663197350e-03
2.521030397756611308e+02 2.011983957070566760e+02 1.703990276531009568e-02
2.520420833962234042e+02 2.012982062424035519e+02 8.796005751463683783e-03
2.520548970853425033e+02 2.009951938735790122e+02 1.481359379096130503e-02
2.521825096718329178e+02 2.010589922228136004e+02 1.245422263884144592e-02
2.520593616193071114e+02 2.012279712585695961e+02 2.216378961082291973e-02
2.520576437270120209e+02 2.011336639365750329e+02 3.046130869630841662e-02
2.520910701376697034e+02 2.018695811917604601e+02 2.157196082013965524e-02
2.521445611331336636e+02 2.022465840754363171e+02 6.676940920393070050e-03
2.520423654086001761e+02 2.020513381685877903e+02 1.114941889562364417e-02
2.520830447009477098e+02 2.028000631548843842e+02 5.425759248814356756e-03
2.520691843884303296e+02 2.023611426664866144e+02 1.775684972315123150e-02
2.520259689706945494e+02 2.028169779394825412e+02 6.301586418919456062e-03
2.521396259165402114e+02 2.032770811321803990e+02 6.150650217268690580e-03
2.519521571960820268e+02 2.033161994264424379e+02 1.038679387675661876e-02
2.520831459870830429e+02 2.029280471238709538e+02 1.125269103359522078e-02
2.519961848889030023e+02 2.033785023156790999e+02 1.855720879243094590e-02
2.520372454937599684e+02 2.042341656008452446e+02 7.169469578411356500e-03
2.519653482257052417e+02 2.043958937409140333e+02 1.165386356956172979e-02
2.518691204391448935e+02 2.043575897077398622e+02 1.819575630953042950e-02
2.519802213995757825e+02 2.048592281599288185e+02 2.087884589413811429e-02
2.519455716112836683e+02 2.051512956681310129e+02 1.939530191212335622e-02
2.519076469046162572e+02 2.050692896465709794e+02 1.157442346342974632e-02
2.519795203406391693e+02 2.056476890873126138e+02 1.319102962321557632e-02
2.520052033269516585e+02 2.055257663984239116e+02 1.021599764857285784e-02
2.519486101953432069e+02 2.050606048569680979e+02 5.894455874993049203e-03
2.519839749445905284e+02 2.035396942350315044e+02 8.579531462254033278e-03
2.521358962035573370e+02 2.000073382798039461e+02 2.105957213558837249e-02
2.521079134261723311e+02 2.005645987083038619e+02 1.063305820576576285e-02
2.520452351824341974e+02 2.013154109833890857e+02 1.080782643925612234e-02
2.520210476561196629e+02 2.023862338240084000e+02 9.620196852582994784e-03
2.520092229963219097e+02 2.025215640168095206e+02 1.038877987940991891e-02
2.520218082951358838e+02 2.025071635115704396e+02 1.622564167745728023e-02
2.520281436435999183e+02 2.030923709694076251e+02 6.440606604650424109e-03
2.519706389367736108e+02 2.032076484934183895e+02 4.540002065442759298e-03
2.519070491178176212e+02 2.033161974404397938e+02 2.634631119867176033e-02
2.520222412437142907e+02 2.029206572079980333e+02 1.057943613412667440e-02
2.518803115640962460e+02 2.030158900072290464e+02 1.883127715858628343e-02
2.519200931832444894e+02 2.037476644608797187e+02 1.694854664325831650e-02
2.519750736806984435e+02 2.036212812100316967e+02 1.893057729125125974e-02
2.518816064378262070e+02 2.039626512341020543e+02 1.676980640446135498e-02
2.520107343443410741e+02 2.049199700510799858e+02 7.302531756182425830e-03
2.519101989180257419e+02 2.049567567782270601e+02 7.787116403587515147e-03
2.519937520356527330e+02 2.050456105369356692e+02 1.546103065593695640e-02
2.519504949118611989e+02 2.049259796951088788e+02 1.295668131012622966e-02
2.519089576663674563e+02 2.047377523216370889e+02 2.089274791271121187e-02
2.519991043128033539e+02 2.037634293499416174e+02 9.566574780943908063e-03
2.520237506057308110e+02 2.038177485085120111e+02 1.142547326443228185e-02
2.520624379374170871e+02 2.020848698373860941e+02 1.393975262350950414e-02
2.520244218746276204e+02 2.019666808334855830e+02 8.057212764436253241e-03
2.520357142857142776e+02 2.017741100722110446e+02 2.101985208252238335e-02
2.520095765047942109e+02 2.018835844964688988e+02 1.652950008341211308e-02
2.520313430938743693e+02 2.019313180702409340e+02 1.079988242864292521e-02
2.520784907968637185e+02 2.020095765047942109e+02 1.426942906395723028e-02
2.520148056497803566e+02 2.014633324330121411e+02 1.021996965387945815e-02
2.520851578077708268e+02 2.012461392108419886e+02 4.776336381185405239e-03
2.520627735718655060e+02 2.003473280320302479e+02 2.291847061907674801e-02
2.522375140013187149e+02 1.990006037448065968e+02 7.586530135604261510e-03
2.520292994971441374e+02 1.971296402951994367e+02 1.504992810670395011e-02
2.521738228962273922e+02 1.984759574518791680e+02 1.737355121106441691e-02
2.521568564755602608e+02 1.988187871878996873e+02 2.080734979861932968e-02
2.521353560108356362e+02 1.991441540025897439e+02 1.846188066507256989e-02
2.521416516392465894e+02 2.008766116411531470e+02 1.512539620752933328e-02
2.520217149530111840e+02 2.012488103844106604e+02 2.391941595633971865e-02
2.520720362882404686e+02 2.015073998458861979e+02 1.381463445635163455e-02
2.520029055218817859e+02 2.021256087098132355e+02 1.987988655952844380e-02
2.521329708216490246e+02 2.015210992921886657e+02 8.547755419801241275e-03
2.520459243253548891e+02 2.014603792470666690e+02 1.155257743424345160e-02
2.520150221240695600e+02 2.014214535950619904e+02 1.025373169898555030e-02
2.520739885288486732e+02 2.012898074371827306e+02 1.616606159785829305e-02
2.520697166371414255e+02 2.017701817589628206e+02 1.093890261437389239e-02
2.521304843463270799e+02 2.023270827209825029e+02 4.913370564263074003e-03
2.520653871513572426e+02 2.029150328484838894e+02 1.230527243984397973e-02
2.520997449972593074e+02 2.028228287032991375e+02 4.931244588142770155e-03
2.519961590708685151e+02 2.032618226737950806e+02 1.998911670545991739e-02
2.519441893534369683e+02 2.033979472676575426e+02 2.849913807484846795e-02
2.520335455708168695e+02 2.033805518704172925e+02 7.967842645037774216e-03
2.520045519180813756e+02 2.023808636728338683e+02 1.571722499821259778e-02
2.519803187137057989e+02 2.028347169151817866e+02 5.556835423932126802e-03
2.520977053725343637e+02 2.027836309689309644e+02 6.071210111136708838e-03
2.520880037495730051e+02 2.023143047799111969e+02 7.945996615851479497e-03
2.521067853766652718e+02 2.026457388327070817e+02 7.532908063965173054e-03
2.520562197631095955e+02 2.022065204439113018e+02 3.660202890031060991e-03
2.520801769131163610e+02 2.011720295358314559e+02 8.388875207537277792e-03
2.521064596722301303e+02 1.994242002367315081e+02 1.909938751678172397e-02
2.522105897633479117e+02 1.991972358815071402e+02 5.352277150642272864e-03
2.521072640033047207e+02 1.999934044851883925e+02 1.220795830983230183e-02
2.521382019526378144e+02 2.007256674954917628e+02 1.578276308577148193e-02
2.520637030211072442e+02 2.006390599057840234e+02 1.191601591979726815e-02
2.521328814515296131e+02 2.009906598295215190e+02 7.254867692503236959e-03
2.521614262676654903e+02 2.007812219477125097e+02 1.116729291950334033e-02
2.520993954607923229e+02 2.010767510585394007e+02 1.480763578300140632e-02
2.521295509250800251e+02 2.008833858962035492e+02 8.740397677171296911e-03
2.521894050730451795e+02 2.001990570459402079e+02 1.262899087233180541e-02
2.521274259022410149e+02 2.007223131370103602e+02 1.230130043453738116e-02
2.521079313001962134e+02 2.009916429008349041e+02 7.876486522985995040e-03
2.521513671642265422e+02 2.010171531049165594e+02 1.328834375322725421e-02
2.520799663968351183e+02 2.010496202762926998e+02 1.042452792716931122e-02
2.520550142594990461e+02 2.003156175276650117e+02 1.470039163972323114e-02
2.521392644640573337e+02 2.004563258156512973e+02 1.465272757604404140e-02
2.520846990411579327e+02 2.000933540407210103e+02 1.751455739944868598e-02
2.521227707120216621e+02 1.999274413930617129e+02 1.042254192451601107e-02
2.521616904060183799e+02 1.998259785035072866e+02 9.123696189258108033e-03
2.521342021432940612e+02 2.003620880037495624e+02 1.328437174792065564e-02
2.521866485013623844e+02 1.998990554571381040e+02 9.838657144445945441e-03
2.520839125841072246e+02 2.002356352428086836e+02 2.877122043835050533e-02
2.520640446135635955e+02 2.000254843860471397e+02 1.341941992834502426e-02
2.521852722015236736e+02 1.984809760805840426e+02 1.328635775057395406e-02
2.521184412262374792e+02 1.977478054670681047e+02 1.150292736791096344e-02
2.521160838410879990e+02 1.976765536498756717e+02 1.994343864443402781e-02
2.521717495094573565e+02 1.982892692304637023e+02 1.523859835876740718e-02
2.521690684058753789e+02 1.984636482074340051e+02 1.415821291537245480e-02
2.521144870949547681e+02 2.001458381328397422e+02 2.039624724938632686e-02
2.521263216847657702e+02 2.002542202556382733e+02 8.970773984954043268e-03
2.521439097242633807e+02 2.005660822522858950e+02 2.359768352650519138e-02
2.521505350291147920e+02 2.004710838013679677e+02 1.440447724438159889e-02
2.521129737609329311e+02 1.997667539183832446e+02 2.202476942509195082e-02
2.521530155464287759e+02 1.999235230098267380e+02 2.443379064354429808e-02
2.521479830157053073e+02 2.001554325116578354e+02 1.480962178565470647e-02
2.522187085421946051e+02 1.998705483750526355e+02 2.200888140386555655e-02
2.521100166029821708e+02 2.003926764166157000e+02 1.844003463588627517e-02
2.521182485839801188e+02 2.003738987615287499e+02 1.408671681985367193e-02
2.521710544085286756e+02 2.004136486046345453e+02 1.383250848023132897e-02
2.521802595308267314e+02 2.002441214321462439e+02 5.834875795394062897e-03
2.521101119311095431e+02 2.008080131235055319e+02 8.148568886488032417e-03
2.521436853059635723e+02 2.002196141594045287e+02 1.393578061820290558e-02
2.521324405589405728e+02 2.001282262613102887e+02 1.175117769957340595e-02
2.520690274942207338e+02 2.004526517107426855e+02 1.094088861702719254e-02
2.520892946512976494e+02 2.002968597326046165e+02 1.121297098052922991e-02
2.519973844345055909e+02 2.006854469697571517e+02 1.769329763824564403e-02
2.520346517742947583e+02 2.005844726368554518e+02 1.589993724231615613e-02
2.521069144668377362e+02 1.995701853337675971e+02 1.583241315210397182e-02
2.521142189845965618e+02 1.979644028884422653e+02 1.270644497581048700e-02
2.520747789579046980e+02 1.964659122504587572e+02 2.537912790651488185e-02
2.521289948443371145e+02 1.972850549328333898e+02 1.645403198258672817e-02
2.521761743233688833e+02 1.978084838061343760e+02 1.786409386642940494e-02
2.520073323217959853e+02 2.001674537857182656e+02 1.143738928035207929e-02
2.520472549471326147e+02 2.017201384641049913e+02 2.126611641153152571e-02
2.521530175324314200e+02 2.021609138789809492e+02 1.086939252150840793e-02
2.520390944622301959e+02 2.024544589731571875e+02 1.165584957221502821e-02
2.520726916691160682e+02 2.017329461952161296e+02 1.791572993541519498e-02
2.520506708716962976e+02 2.023576353858008758e+02 8.885375870862162809e-03
2.520008440511276433e+02 2.017237212128915473e+02 1.485529984668059432e-02
2.520257227063655421e+02 2.020611966857587731e+02 1.495857198465217093e-02
2.519867255582653343e+02 2.025605313748699245e+02 9.574518791557105196e-03
2.520715020535267570e+02 2.026046126897625470e+02 1.087932253477490695e-02
2.521175872450965585e+02 2.029589413811456780e+02 9.242856348456082380e-03
2.520721594204049723e+02 2.025151055361809824e+02 1.597540534314153757e-02
2.519811647508361148e+02 2.033032050110819000e+02 8.615279510013425582e-03
2.519510370905855439e+02 2.031998395309855994e+02 1.356241211938259174e-02
2.520759487134674828e+02 2.030285229701066783e+02 1.638253588706794356e-02
2.519126754633344092e+02 2.041337374186731779e+02 1.662482821077048908e-02
2.518869269389343799e+02 2.041916353540248394e+02 1.196963799143635661e-02
2.519840484266887017e+02 2.038583563047640155e+02 2.135945853623660504e-02
2.520050285587181520e+02 2.040026791175793051e+02 1.488508988648008791e-02
2.519154777130782179e+02 2.040327670577767947e+02 1.140561323789928555e-02
2.519383941976946346e+02 2.042250776527037317e+02 1.080981244190942249e-02
2.519053133514986484e+02 2.049455855133022339e+02 6.508130694862608416e-03
2.519314312723921887e+02 2.041455640644736036e+02 2.322232902503157739e-02
2.520725744949595253e+02 2.037720327134356921e+02 9.965761314257115186e-03
2.520912329898872883e+02 2.013195676869424346e+02 1.529222043040649563e-02
2.521144751789388465e+02 2.012496742955648585e+02 4.937202596102668005e-03
2.521159845409553384e+02 2.011546559846204048e+02 5.368165171868669733e-03
2.520086907476108422e+02 2.019288733009747432e+02 1.256543878742621967e-02
2.520864050174371016e+02 2.024614497024967932e+02 3.745601004122941450e-03
2.520526191402991856e+02 2.025711723770862989e+02 2.343284530628133092e-02
2.519447077001294986e+02 2.030573736306511705e+02 1.605087344396692248e-02
2.519591002613579462e+02 2.031657160333966203e+02 1.829902844750200611e-02
2.520254585680126524e+02 2.028405259729426859e+02 8.863529841675868090e-03
2.520367192030568617e+02 2.027787454024038709e+02 1.488906189178668821e-02
2.520194092039307066e+02 2.029463878583741803e+02 1.065093222964545901e-02
2.520126627529174357e+02 2.027063893677361932e+02 1.134404715564699996e-02
2.520373725979297888e+02 2.032899047513127471e+02 2.207640549407774086e-02
2.520467385864427570e+02 2.028498780594370885e+02 8.414693242030171078e-03
2.520227039823325299e+02 2.032993819559742974e+02 6.633248862020479746e-03
2.520376844003463646e+02 2.028513655754244098e+02 1.769131163559234388e-02
2.519835161779776058e+02 2.032050031378842050e+02 1.098656667805308212e-02
2.520662232584742810e+02 2.032617054996385377e+02 2.939283926883326167e-03
2.519571718527815847e+02 2.033664035875151797e+02 6.798087082244341946e-03
2.519723687450846512e+02 2.030793467640072834e+02 1.270247297050388843e-02
2.519792701043048453e+02 2.030496024022688175e+02 1.565168691065371362e-02
2.520194568679943643e+02 2.031576389606056523e+02 8.094946814848943961e-03
2.519922228136096862e+02 2.034973824485029468e+02 8.341211143858088053e-03
2.519663888910955620e+02 2.037300227993104613e+02 1.225165036820489127e-02
2.520955942517139192e+02 2.030825184102446030e+02 1.236286651678966675e-02
2.519009600336825940e+02 2.031642126293880608e+02 9.431526600519537715e-03
2.519727877916444925e+02 2.038696189258108973e+02 9.471246653585528585e-03
2.518886309292109331e+02 2.040818610433663594e+02 1.135596317156679740e-02
2.519952057895949338e+02 2.040060811401243939e+02 1.018422160612006584e-02
2.518567396986042297e+02 2.042158645863950994e+02 1.474209769544252042e-02
2.520589505167579034e+02 2.027656179248655519e+02 1.449186136112677777e-02
2.521057764873173994e+02 2.003591427618147236e+02 6.742479007951954206e-03
2.521771434926637028e+02 2.000986248917628529e+02 1.854529277651114846e-02
2.520391421262938820e+02 2.005694743448177348e+02 1.409267482781357064e-02
2.521480922458512453e+02 2.012949809740945852e+02 1.159825549526934119e-02
2.520902479325712306e+02 2.015465836782358053e+02 1.043842994574240707e-02
2.519957062622635533e+02 2.018643242427371831e+02 2.215187359490312230e-02
2.521005612443498194e+02 2.019716021480604695e+02 1.287922720664754807e-02
2.520658757080099406e+02 2.017288153096972678e+02 1.026366171225204758e-02
2.520626921457566993e+02 2.013588369174061086e+02 1.728815309697253819e-02
2.521316620459004980e+02 2.011116908032189201e+02 1.730205511554563577e-02
2.520943688880768434e+02 2.010408282425465245e+02 1.156250744750995062e-02
2.520916699104710119e+02 2.014037821434529576e+02 1.721467099880045343e-02
2.521397252166729004e+02 2.017222356829068701e+02 1.023982968041245271e-02
2.520120331900763517e+02 2.009833354517361670e+02 1.701209872816390051e-02
2.520994729148958129e+02 2.017058710210436914e+02 1.010080949468148553e-02
2.521106223337914400e+02 2.018341985684892848e+02 1.251380271844043136e-02
2.520521007936066553e+02 2.020315774421874551e+02 1.114544689031704561e-02
2.521395802384791978e+02 2.019165759725455018e+02 6.577640787728092006e-03
2.520908099713221304e+02 2.019308732056466056e+02 1.021202564326625928e-02
2.520884029361063199e+02 2.024559306011232707e+02 8.867501846982468391e-03
2.521166299918176605e+02 2.021729212510227853e+02 9.624168857889593351e-03
2.520519458853997037e+02 2.025126508369015141e+02 8.376959191617480358e-03
2.521131664031903199e+02 2.025544264027136876e+02 7.433607931300195877e-03
2.519881177461253117e+02 2.028550118762958618e+02 4.442687935431081404e-03
2.520650872649565883e+02 2.029021754673064208e+02 8.885375870862162809e-03
2.520502498391337838e+02 2.028619092635107677e+02 7.522978050698675770e-03
2.519823861424678739e+02 2.030285805641836419e+02 1.231718845576377716e-02
2.520211449702496793e+02 2.035736032443339241e+02 1.345715397875771498e-02
2.520532765071774008e+02 2.038400115982555008e+02 7.922164584011884628e-03
2.519457602815357404e+02 2.035954850215679812e+02 1.025968970694544902e-02
2.520483929266529515e+02 2.038494669568878521e+02 1.240854457781555634e-02
2.519668536157164169e+02 2.033885495031021264e+02 1.228938441861758372e-02
2.520382027470388664e+02 2.015015451100642565e+02 8.404763228763673794e-03
2.521343173314479600e+02 1.999821061160937745e+02 8.942969947807849831e-03
2.522016666534266562e+02 1.983586879672071177e+02 1.610846752091260950e-02
2.521649990864387689e+02 1.991867458154924009e+02 8.376959191617480358e-03
2.521351891866127630e+02 1.991082152985756295e+02 1.363986622286127333e-02
2.520580746895877837e+02 2.018269715048339208e+02 5.781253723754975309e-03
2.520759963775311689e+02 2.012917636497962235e+02 1.723254502268015131e-02
2.520774104114203169e+02 2.013495722150284735e+02 1.035104582899722819e-02
2.520563488532820600e+02 2.013224811528348255e+02 1.941913394396294762e-02
2.521061836178613191e+02 2.008733843868415363e+02 1.786607986908270509e-02
2.521090136716422592e+02 2.005708466726511574e+02 1.796935200705428171e-02
2.521054587268928628e+02 2.006475500671269003e+02 1.680952645752734759e-02
2.521062312819250053e+02 2.010277722611037348e+02 1.758605349496747058e-02
2.520856165743837494e+02 2.013020630595562466e+02 9.586434807476902631e-03
2.521514525623406371e+02 2.016968287509632205e+02 5.759407694568679723e-03
2.520599335880712601e+02 2.019929894106338395e+02 1.725240504921314588e-02
2.520053423471373719e+02 2.021156250744751048e+02 1.834272050587459554e-02
2.520499261207012864e+02 2.019666331694219252e+02 8.351141157124585337e-03
2.521375763618020187e+02 2.024548204256400936e+02 7.918192578705284326e-03
2.521178692574733304e+02 2.020132764277373099e+02 1.011868351856117995e-02
2.520732894559147041e+02 2.024836174641129389e+02 1.889681524614516758e-02
2.520857992866278607e+02 2.029216442513167067e+02 1.049801002534139424e-02
2.520276729609710742e+02 2.032605238280598314e+02 1.285539517480795320e-02
2.519913708184714096e+02 2.028394138114568648e+02 8.885375870862162809e-03
2.520243166164869990e+02 2.032241104694115847e+02 1.248004067333433921e-02
2.519680352872951516e+02 2.033496973331956497e+02 6.800073084897641229e-03
2.519420126945289553e+02 2.035292339590565689e+02 7.515034040085477769e-03
2.519974579166037643e+02 2.038338430740143394e+02 1.617797761377809049e-02
2.519906121654578612e+02 2.034856511308299218e+02 5.709757628236191568e-03
2.520351006108944034e+02 2.022895591868510792e+02 6.577640787728092006e-03
2.520469669767478820e+02 2.007035037058809621e+02 2.256099014148282844e-02
2.520610060295040569e+02 2.008521301864459190e+02 9.169374250283997621e-03
2.521082570046313549e+02 2.012536522588794128e+02 1.372923634225975409e-02
2.520851002136938916e+02 2.012195684813434866e+02 1.589993724231615613e-02
2.520599415320818935e+02 2.024823086883644123e+02 1.763967556660655731e-02
2.520087840897355420e+02 2.029409779871465958e+02 6.265838371160063758e-03
2.519865885240822649e+02 2.033296684964371082e+02 1.988981657279494109e-02
2.519319694791112170e+02 2.031340631231083194e+02 2.084309784637872198e-02
2.520323698572461240e+02 2.029183057808565138e+02 8.903249894741858961e-03
2.519100678418506334e+02 2.028852944447533844e+02 1.507574614119684513e-02
2.519294432837362194e+02 2.029131997680349002e+02 1.456732946195216094e-02
2.519613881364145413e+02 2.034111978773603653e+02 1.107395079479826100e-02
2.518917290933500794e+02 2.038091928090815941e+02 2.768884899230225280e-02
2.519848765897951353e+02 2.037717904211120015e+02 8.839697809836273221e-03
2.519472875175761146e+02 2.043739523836003968e+02 2.165934493688483412e-02
2.519098473955561133e+02 2.047884509973705462e+02 1.083165847109571721e-02
2.518876399138869147e+02 2.050251944296597628e+02 1.525647238264710333e-02
2.518433083626599682e+02 2.046536907873309019e+02 2.177651909342950831e-02
2.519477184801518774e+02 2.053464363168389184e+02 1.242443259904195234e-02
2.519658586283871387e+02 2.053294440781372998e+02 7.044351411253485171e-03
2.519041515399464686e+02 2.051883405756230161e+02 1.875580905776090199e-02
2.518941957086454693e+02 2.049357508281630942e+02 8.960843971687545984e-03
2.519537658582311792e+02 2.046806348853282032e+02 4.226213646221431766e-03
2.519280232918391107e+02 2.049883302484091985e+02 1.043247193778250835e-02
2.519550150539000981e+02 2.047532014362771235e+02 8.402777226110373643e-03
2.520337858771379445e+02 2.033269397287914728e+02 7.107903496159070911e-03
2.520274842907190020e+02 2.018138340972823528e+02 1.364781023347447220e-02
2.521153251880744506e+02 2.018900489351053693e+02 1.189416989061097343e-02
2.520261536689413049e+02 2.023700518743893042e+02 1.727623708105274075e-02
2.520237903257838639e+02 2.024837048482296780e+02 1.647786401442632304e-02
2.520341850636712309e+02 2.027943633272693944e+02 9.302436428055067819e-03
2.520472609051405755e+02 2.028484660115505847e+02 9.796951088726654419e-03
2.519291533273488426e+02 2.029254136843526908e+02 1.385832651472422399e-02
2.521040268189798326e+02 2.030674803981538048e+02 7.379985859661108288e-03
2.520219493013242698e+02 2.031413835288883831e+02 9.064116109659122594e-03
2.519999980139973559e+02 2.017665195700701588e+02 1.458520348583185709e-02
2.521553669735702670e+02 2.019050770171828901e+02 1.042452792716931122e-02
2.520605830109388990e+02 2.018496298091054371e+02 8.329295127938290619e-03
2.520544681087693846e+02 2.020805721276443592e+02 8.992620014140339721e-03
2.520393387405565591e+02 2.023760337143810375e+02 2.142301062114218904e-02
2.519851168961161818e+02 2.023313863887322270e+02 1.963362223051930144e-02
2.520388918899595581e+02 2.022858830959398233e+02 1.788196789030910283e-02
2.519590327372677336e+02 2.025134333219469056e+02 2.196320334283966696e-02
2.520374500520332788e+02 2.029224406383806922e+02 6.537920734662101135e-03
2.520521385276570641e+02 2.023511908071909318e+02 1.234697849556327075e-02
2.520268011058062712e+02 2.020958742780880470e+02 1.021798365122615800e-02
2.520837179558471917e+02 2.024151738546722754e+02 1.225959437881809014e-02
2.519802154415678217e+02 2.028007125777519946e+02 1.899810138146344404e-02
2.520985196336222316e+02 2.022607045543012987e+02 9.493092682771825039e-03
2.520159456153033375e+02 2.019241307266386514e+02 3.123584973109523946e-02
2.520141006188384267e+02 2.023562471699462151e+02 1.732191514207863034e-02
2.520689083340615468e+02 2.007906693623342562e+02 2.325211906483106925e-02
2.521789984191418910e+02 1.997931955577092538e+02 1.247011066006784193e-02
2.520992782866357800e+02 1.994475397399130827e+02 2.723206838204335692e-02
2.521708498502553937e+02 1.997055095685607853e+02 1.536967453388517722e-02
2.521123064640414384e+02 1.997037221661728097e+02 1.220994431248560198e-02
2.521246574145422983e+02 2.003398368300219943e+02 9.326268459894662688e-03
2.520742625972148403e+02 2.004223691422851630e+02 1.478380375116181145e-02
2.520627735718655060e+02 2.006432384553665713e+02 1.466265758931053868e-02
2.520313967159460162e+02 2.008747030926033403e+02 1.155257743424345160e-02
2.521009663888910950e+02 2.002960573875326702e+02 2.430470047107982992e-02
2.521659007316433758e+02 1.996176011471151241e+02 1.231321645045717859e-02
2.521506482312660467e+02 1.996979508424623191e+02 3.940229264146296803e-03
2.520999098354795365e+02 2.002232564882706640e+02 1.904775144779593393e-02
2.520862282632009510e+02 1.998600205749874874e+02 2.063853957308886891e-02
2.520927125618639764e+02 1.999807337882603520e+02 1.882333314797308629e-02
2.521029940976001171e+02 2.000777400878607466e+02 1.274219302356987930e-02
2.521142587046496431e+02 2.006824500917533101e+02 1.946083999968224038e-02
2.521648878702901868e+02 2.004447672802090779e+02 8.194246947513922005e-03
2.521462154733438865e+02 2.001958575956657569e+02 5.391997203708263735e-03
2.521317871640676458e+02 1.998161994264424379e+02 2.663428158340019544e-02
2.521157045145812390e+02 2.006638432328945498e+02 2.008643083547159702e-02
2.520551771117166311e+02 2.006179288375529381e+02 1.875779506041420214e-02
2.521034925842660925e+02 2.006907694568679972e+02 1.107593679745156115e-02
2.520906232870727024e+02 2.006887199021297761e+02 1.377491440328564194e-02
2.520856284903996709e+02 2.006047735559774594e+02 2.436825255598541393e-02
2.520622611831809365e+02 2.009597357822069910e+02 1.435681318070240915e-02
2.520449352960335432e+02 2.017228175816842963e+02 9.272646388255574232e-03
2.521459155869432323e+02 2.009346863307409308e+02 1.008690747610838795e-02
2.522043755610457367e+02 1.992890189941293784e+02 1.468648962115013355e-02
2.521457864967707678e+02 1.975859124887790870e+02 1.123680301236882478e-02
2.521424420683026142e+02 1.979387933842279494e+02 1.859692884549693850e-02
2.521061399258029496e+02 1.983473717240886174e+02 1.344523796283791754e-02
2.521532916007975871e+02 1.986747165974213658e+02 1.730006911289233562e-02
2.521307723167118127e+02 1.991533730269063653e+02 2.713475425203168076e-02
2.522142360642193921e+02 1.997782012376768535e+02 2.311309887910010380e-02
2.521429604149951160e+02 1.999043461682064731e+02 1.445809931602068561e-02
2.521226992159261613e+02 1.996333084421000876e+02 1.429326109579682341e-02
2.521275271883763196e+02 1.993447998506526062e+02 1.275410903948967674e-02
2.520318117905005408e+02 1.993347526632295512e+02 2.085699986495181957e-02
2.521944197297447658e+02 1.991120721157283526e+02 1.345516797610441656e-02
2.520776507177413635e+02 1.996123263240679648e+02 1.875382305510760184e-02
2.520799425648032752e+02 2.004016630786218798e+02 2.177850509608280846e-02
2.520778036399456710e+02 2.004349167070487283e+02 1.002136938854950379e-02
2.521289769703132322e+02 2.007400163646618694e+02 1.618592162439129109e-02
2.521465789118294367e+02 2.007615446334236253e+02 1.525051437468720461e-02
2.521266672492274381e+02 2.011202385586387038e+02 7.634194199283450381e-03
2.520814161787720025e+02 2.011596289352642657e+02 1.381264845369833440e-02
2.520886611164512487e+02 2.019493946663912709e+02 8.688761608185508606e-03
2.521034052001493535e+02 2.021707187740802851e+02 9.250800359069279513e-03
2.520806396517345718e+02 2.021988981657279396e+02 9.016452045979932856e-03
2.520628986900326538e+02 2.025131493235674895e+02 6.736520999992056356e-03
2.520304950707414093e+02 2.027520376387222711e+02 9.743329017087565963e-03
2.520106489462269792e+02 2.031819933111430601e+02 1.153668941301705560e-02
2.519751332607780228e+02 2.029746248440987983e+02 1.400529071106839003e-02
2.519291433973355652e+02 2.031055977470785763e+02 3.703497747872991352e-02
2.519622302015395405e+02 2.034723151230130043e+02 7.870528515026096322e-03
2.519265457058650668e+02 2.040240504921314653e+02 7.681858262962639253e-03
2.519520717979679318e+02 2.040246919709884708e+02 1.954425211112081895e-02
2.519746824381757335e+02 2.039495158125531304e+02 1.903583543187613650e-02
2.520590855649383286e+02 2.035934990189146845e+02 1.469046162645673212e-02
2.520706480723858363e+02 2.011414133189281870e+02 8.946941953114450133e-03
2.521642702234650244e+02 2.005221836496373555e+02 6.947037281241808145e-03
2.520613337199418424e+02 2.007343344110707619e+02 3.738054194040403566e-02
2.520927443379064243e+02 2.011029563635497084e+02 8.400791223457075227e-03
2.520079320945972654e+02 2.020599931681508679e+02 2.219755165592901189e-02
2.520786179010335104e+02 2.024395619672547753e+02 8.319365114671793335e-03
2.520471079829362679e+02 2.023913140187955264e+02 1.105011876295866786e-02
2.519997020996020183e+02 2.026130770330709083e+02 1.188821188265107472e-02
2.521230964164568036e+02 2.022238741350958549e+02 1.279780109786226618e-02
2.519907412556303257e+02 2.021660496818423667e+02 2.437023855863871408e-02
2.520747690278914206e+02 2.016627092253795297e+02 9.072060120272321462e-03
2.520563329652608502e+02 2.013781766112439584e+02 1.362397820163487733e-02
2.520834399154757364e+02 2.016622345707453974e+02 1.086144851089521080e-02
2.520032947784018234e+02 2.022404195232004724e+02 3.037392457956323774e-02
2.520734681961534989e+02 2.018628029647047697e+02 2.331169914443005642e-02
2.520623644553189138e+02 2.022311985128812069e+02 6.962925302468204146e-03
2.520041706055719430e+02 2.031144016968406731e+02 9.580476799517003914e-03
2.520154669886638885e+02 2.024300788045852926e+02 2.236636188145947265e-02
2.519973149244127342e+02 2.033115045161700323e+02 7.153581557184960499e-03
2.520462599598033080e+02 2.030259789007077984e+02 8.609321502053526864e-03
2.520441091189297822e+02 2.034500560052748313e+02 3.511252691033595226e-03
2.519587745569228048e+02 2.036821978694163420e+02 1.270247297050388843e-02
2.520083590851677400e+02 2.035735416782516722e+02 4.464533964617376990e-03
2.520320699708454697e+02 2.038069208220462087e+02 8.660957571039315170e-03
2.519407078907857453e+02 2.044931065847904108e+02 1.149498335729776458e-02
2.519633006569696647e+02 2.041818959970130436e+02 1.184650582693178543e-02
2.519544371271279886e+02 2.039920520173814964e+02 4.738602330772713651e-03
2.519883679824596356e+02 2.044299437564048674e+02 8.434553268563167380e-03
2.519872161009207048e+02 2.044417565001866706e+02 1.338962988854553067e-02
2.518952820520968316e+02 2.047046019653482176e+02 1.164194755364193236e-02
2.519283231782397650e+02 2.042164881912282226e+02 1.787600988234920238e-02
2.520331404262756223e+02 2.026485470404588511e+02 1.465074157339074125e-02
2.521242363819798129e+02 2.011519232449694528e+02 1.989974658606143837e-02
2.520941504277849674e+02 2.011406784979464817e+02 1.480763578300140632e-02
2.521673167515351679e+02 2.017523494411388469e+02 1.017627759550686697e-02
2.520597826518696252e+02 2.021622881928170159e+02 1.873594903122790742e-02
2.520144183792629633e+02 2.027448840571651090e+02 2.789737927089870617e-02
2.520035291267149091e+02 2.029116089799096017e+02 1.108388080806476002e-02
2.519694910272400250e+02 2.028583344587348449e+02 3.125968176293483520e-03
2.520361035422343434e+02 2.030309439073410545e+02 2.077954576147313798e-02
2.519426402713673951e+02 2.028873857055473025e+02 1.526243039060700205e-02
2.520550519935494549e+02 2.023702345866334156e+02 2.214194358163662502e-02
2.521185842184285093e+02 2.024095375791422100e+02 5.523073378826033782e-03
2.520303957706087488e+02 2.024842132649089308e+02 1.799318403889387658e-02
2.520393546285777973e+02 2.031471349925723473e+02 9.655944900342387088e-03
2.519807258442497186e+02 2.030809474821458309e+02 7.391901875580905723e-03
2.519553705483750434e+02 2.032776948070002732e+02 1.780451378683041777e-02
2.519366167253199364e+02 2.037701916889760980e+02 1.618393562173799094e-02
2.520466770203605051e+02 2.032584444832818349e+02 1.111764285317085217e-02
2.520260801868431315e+02 2.035568254939188648e+02 1.485927185198719462e-02
2.519841179367815585e+02 2.034137975548335362e+02 3.279287581128208229e-02
2.519393435069629277e+02 2.032937218484123889e+02 1.054766009167388240e-02
2.519385491059016147e+02 2.038378408973554485e+02 6.651122885900175898e-03
2.519714373098402405e+02 2.034842172369142190e+02 1.387024253064402142e-02
2.519354946338208379e+02 2.038705761790897668e+02 1.053574407575408496e-02
2.519757092015474882e+02 2.037667539183832446e+02 1.798524002828067944e-02
2.520717125698079997e+02 2.037763939752623514e+02 9.119724183951509466e-03
2.520197090903313324e+02 2.039805490900135965e+02 9.232926335189583361e-03
2.520182275323519718e+02 2.035738475226602873e+02 1.597540534314153757e-02
2.519664683312016962e+02 2.020613396779498032e+02 7.830808461960105452e-03
2.520792216458401072e+02 2.007910645768622828e+02 1.484934183872069734e-02
2.520805324075913063e+02 2.008137129511204932e+02 2.313693091093969867e-02
2.520639194953964477e+02 2.011607013766970340e+02 9.657930902995687239e-03
2.520669521214480255e+02 2.016781305359824046e+02 1.193388994367696430e-02
2.521525667098291308e+02 2.020876065490423628e+02 1.220597230717900168e-02
2.520164560179852344e+02 2.021560720045121968e+02 2.339511125586863846e-02
2.520289539326824411e+02 2.028300637109651063e+02 9.503022696038322323e-03
2.520331404262756223e+02 2.020371918716883499e+02 1.939132990681675592e-02
2.520190457654451563e+02 2.012200729260174228e+02 1.220795830983230183e-02
2.520988056180042918e+02 2.014638249616701557e+02 1.939927391742995305e-02
2.520860376069462347e+02 2.011672293674184289e+02 8.402777226110373643e-03
2.521631838800136620e+02 2.009834645419086314e+02 2.080933580127262983e-02
2.521094545642312994e+02 2.016084138988409791e+02 6.947037281241808145e-03
2.520985116896116267e+02 2.014325056998276011e+02 1.415225490741255608e-02
2.521241787879028493e+02 2.020262728291004919e+02 1.322280566566837005e-02
2.520242153303516943e+02 2.024704542385268553e+02 1.672412834343546539e-02
2.520401470436364377e+02 2.022871064735742550e+02 9.155472231710901770e-03
2.520050603347606000e+02 2.026069204248456970e+02 1.617797761377809049e-02
2.520067325489946768e+02 2.024094938870838405e+02 1.320095963648207360e-02
2.520506808017095466e+02 2.023454592035334940e+02 7.193301610250951370e-03
2.519890730134015371e+02 2.024282000460752613e+02 1.806070812910606088e-02
2.521259145542218505e+02 2.029075575344968740e+02 6.462452633836718828e-03
2.519616304287382604e+02 2.026963262922919284e+02 1.812426021401164489e-02
2.520369277333354603e+02 2.030381709709964184e+02 7.826836456653506885e-03
2.520523212399011754e+02 2.010813407106711850e+02 1.104614675765206756e-02
2.521930970519776736e+02 1.996307405406693647e+02 1.276801105806277432e-02
2.521200101683335788e+02 1.995062837123950317e+02 1.864856491448272507e-02
2.521561832206607789e+02 2.001694139703370752e+02 1.817788228565073508e-02
2.521302797880537980e+02 1.998205269262239767e+02 1.748079535434259382e-02
2.520661080703203822e+02 2.006613329255407905e+02 3.561299957896743584e-02
2.520263185071615339e+02 2.006845214925207017e+02 1.578077708311818178e-02
2.520523331559170970e+02 2.013389292268094550e+02 5.433703259427554756e-03
2.520953003233212257e+02 2.009102326800708624e+02 2.602457876883723653e-02
2.521123064640414384e+02 2.003548371080623838e+02 1.607271947315321720e-02
2.521098080727035722e+02 2.002232167682176112e+02 7.250895687196638392e-03
2.520774004814070395e+02 1.992952073783970661e+02 1.724446103859994875e-02
2.521315965078129295e+02 1.995715636196090088e+02 1.764166156925985746e-02
2.520803477093445508e+02 2.001926104813275913e+02 1.406288478801407706e-02
2.521423685862044408e+02 1.998312175785066813e+02 1.344325196018461913e-02
2.520297185437039786e+02 2.003161338883548694e+02 2.362151555834478625e-02
2.521129419848904831e+02 2.004879826979448865e+02 1.399138869249529245e-02
2.520977987146590920e+02 2.005951056950612212e+02 1.238471254597596147e-02
2.521333898682088659e+02 2.005215660028121931e+02 9.512952709304819607e-03
2.520934036907873406e+02 2.008914391369626742e+02 1.331217578506684908e-02
2.520805284355859897e+02 2.010619354787457951e+02 9.062130107005822444e-03
2.521188086367283461e+02 2.001257675900255038e+02 2.066435760758176393e-02
2.520755356249156023e+02 2.005164560179852344e+02 2.147861869543457591e-02
2.521124891762855498e+02 2.006071468291481779e+02 1.461102152032475038e-02
2.521430914911702246e+02 1.999783922911321099e+02 1.550273671165624742e-02
2.521216942985835772e+02 1.977057856229295965e+02 2.043596730245231599e-02
2.521168961161732227e+02 1.972811544236222971e+02 1.643814396136033390e-02
2.520947958786472896e+02 1.969651615414558137e+02 1.664468823730348365e-02
2.521292351506581610e+02 1.972476962369221667e+02 2.710099220692558861e-02
2.521126996925667925e+02 1.980341373996075731e+02 1.677179240711465513e-02
2.520468219985541793e+02 2.010235619354787389e+02 1.140561323789928555e-02
2.521288697261699667e+02 2.009926458321748441e+02 1.162208752710893606e-02
2.521061200657763948e+02 2.012331328794655292e+02 1.896831134166395219e-02
2.520655817796172471e+02 2.008025833922514209e+02 2.628474511641947647e-02
2.521444360149665158e+02 2.000562138051016348e+02 1.007300545753529210e-02
2.521419098195915183e+02 2.002874957300942924e+02 6.792129074284443228e-03
2.521161414351649626e+02 2.006218611228064503e+02 1.418204494721204967e-02
2.520745704276260994e+02 2.001879115990498974e+02 1.074228835169723818e-02
2.521011073950794810e+02 2.008079098513675547e+02 1.253763475028002623e-02
2.521010517870051899e+02 2.014236103939434770e+02 1.259721482987901341e-02
2.520692678005417804e+02 2.014726189814189468e+02 1.752448741271518326e-02
2.520758295533082958e+02 2.017230797340345134e+02 9.471246653585528585e-03
2.520434815420913424e+02 2.016469900143786731e+02 1.525647238264710333e-02
2.520613337199418424e+02 2.016718785996298209e+02 1.328834375322725421e-02
2.520541046702838344e+02 2.020189087312620586e+02 1.681151246018064774e-02
2.520410784788808485e+02 2.023206917644442058e+02 1.110374083459775459e-02
2.519946020447883370e+02 2.024348074769027903e+02 1.268459894662419228e-02
2.519730737760265527e+02 2.029077541487595511e+02 1.077406439415003019e-02
2.520270056640795531e+02 2.028217205138186046e+02 9.217038313963187360e-03
2.519603534290321818e+02 2.031279164448963570e+02 1.145129129892517514e-02
2.519885109746506657e+02 2.034713499257235014e+02 4.279835717860519355e-03
2.520122496643655552e+02 2.023233748540287991e+02 1.439454723111510161e-02
2.520299231019772606e+02 2.007199875279033279e+02 2.793312731865809848e-02
2.521646634519903785e+02 2.002256833835130010e+02 1.207291012940793322e-02
2.521522052573462247e+02 2.002141764841397844e+02 9.928027263844424466e-03
2.521856396120145121e+02 2.006205265290234365e+02 8.627195525933223016e-03
2.521739619164131341e+02 2.008765341870496854e+02 1.078200840476322905e-02
2.520404588460530135e+02 2.011772964148680103e+02 1.580063710965117982e-02
2.520873761727345652e+02 2.014152096027200400e+02 1.312350553300339201e-02
2.521289610822919940e+02 2.013907996441083128e+02 7.145637546571762498e-03
2.520035688467679904e+02 2.007760126627529189e+02 1.665064624526338410e-02
2.521173826868232766e+02 2.004101552259673724e+02 1.127652306543481565e-02
2.520711862791048645e+02 2.007782389717272622e+02 1.628919376236286770e-02
2.520494316060406277e+02 2.005862957872911636e+02 1.560402284697452388e-02
2.520949249688197540e+02 2.002846636903106798e+02 1.068072226944495259e-02
2.520286202842366947e+02 2.011359120915785468e+02 6.702758954885963336e-03
2.521383131687863965e+02 2.008456041817271966e+02 8.706635632065204758e-03
2.521527434640652814e+02 2.014050492131457588e+02 5.632303524757509110e-03
2.520419046559846095e+02 2.014674692765389636e+02 1.036097584226372548e-02
2.520009215052311333e+02 2.018455406296422723e+02 1.068866628005814973e-02
2.520706838204335725e+02 2.019358660163169930e+02 1.533789849143238522e-02
2.520327392537396349e+02 2.012721042095312214e+02 2.626885709519307874e-02
2.519717252802249732e+02 2.019558253429826493e+02 2.465026493275394859e-02
2.520522894638587275e+02 2.019993466051270730e+02 9.393792550106846995e-03
2.521047358219270507e+02 2.022885761155376940e+02 1.521873833223441261e-02
2.520662590065220456e+02 2.021714694830832286e+02 2.483694918216410724e-02
2.520782882245930807e+02 2.020401331416178721e+02 5.366179169215370449e-03
2.519890491813696940e+02 2.025570578562293065e+02 2.165140092627163698e-02
2.520293451752051510e+02 2.028637880220207990e+02 9.465288645625629868e-03
2.519938235317482338e+02 2.024994240592305346e+02 1.483543982014759975e-02
2.520845342029377036e+02 2.013508889347876050e+02 1.308179947728410099e-02
2.521186398265028004e+02 2.003674601409267382e+02 1.290901724644704165e-02
2.521273325601162867e+02 1.988915702131378112e+02 1.539152056307147194e-02
2.520533162272304821e+02 1.988909128462595675e+02 1.832286047934160098e-02
2.521614918057530588e+02 1.991876832087447724e+02 2.929353913616828536e-02
2.522050984660115489e+02 1.993404465328365802e+02 1.325458170812116206e-02
2.521636327166133071e+02 2.014090748405239992e+02 1.557820481248162886e-02
2.521218730388223719e+02 2.021684030949865303e+02 1.175713570753330467e-02
2.520959715922180351e+02 2.018454810495626930e+02 1.427340106926382884e-02
2.520588095105695174e+02 2.009403742423399990e+02 1.711338486348217697e-02
2.520850108435744801e+02 2.011746510593338257e+02 1.257934080599931725e-02
2.520786377610600368e+02 2.009347935748842247e+02 2.083515383576552485e-02
2.521338665088456423e+02 2.003993116514803603e+02 1.547493267451005398e-02
2.521030060136160387e+02 2.009280093898205450e+02 8.921123918621555113e-03
2.521593369928742163e+02 2.007079066737633184e+02 1.030338176531803845e-02
2.520548672953026994e+02 2.015320600408322207e+02 1.175713570753330467e-02
2.521010239829680302e+02 2.010594152413787583e+02 1.589795123966285598e-02
2.520910085715874516e+02 2.012267836289829290e+02 1.897824135493044947e-02
2.521175951891071634e+02 2.018359522088321398e+02 8.440511276523066098e-03
2.520176714516090613e+02 2.020164679340011560e+02 1.277396906602267304e-02
2.520325744155194059e+02 2.021703930696451437e+02 3.030044248139115645e-02
2.520027903337278872e+02 2.021853337676059255e+02 1.931188980068477418e-02
2.520254128899516104e+02 2.020775216275688990e+02 1.815405025381114021e-02
2.519864713499257221e+02 2.024399710838013675e+02 2.364137558487778082e-02
2.520609186453873178e+02 2.028582331725995118e+02 1.678172242038115242e-02
2.519767697269643634e+02 2.026259661902908249e+02 1.050794003860789153e-02
2.520295775375155927e+02 2.028736048331360564e+02 5.235102994097600403e-03
2.520689063480588743e+02 2.028738411674517863e+02 1.982626448788935708e-02
2.520656532757127763e+02 2.022370671507217139e+02 1.223774834963179542e-02
2.521354711989895350e+02 2.008494470968613257e+02 8.883389868208864393e-03
2.521312886774016704e+02 1.992032336095201117e+02 1.455739944868566366e-02
2.521943085135961837e+02 1.993405061129161595e+02 7.767256377054519711e-03
2.520983190473542379e+02 1.996889006283712433e+02 2.385586387143413117e-02
